IJL 0 0 0 0 0 0 0
IJO 0 0 0 0 0 0 0
IJS 0 0 0 0 0 0 3
IJT 0 0 0 0 0 0 0
IJZ 0 0 0 0 0 0 0
ILO 0 0 0 0 0 0 0
ILS 0 0 0 0 0 0 0
ILT 0 0 0 0 0 0 0
ILZ 0 0 0 0 3 0 0
IOS 0 0 0 0 0 0 0
IOT 0 0 0 0 0 0 0
IOZ 0 0 0 0 0 0 0
IST 0 0 0 0 0 0 0
ISZ 0 0 0 0 0 0 0
ITZ 0 0 0 0 0 0 0
JLO 0 0 0 0 0 0 0
JLS 0 0 0 0 0 0 0
JLT 0 0 0 0 0 0 0
JLZ 0 0 0 0 0 0 0
JOS 0 0 0 96 46 0 16
JOT 0 0 0 0 0 0 0
JOZ 0 0 0 60 16 0 156
JST 0 0 0 0 0 0 0
JSZ 3 0 0 14 117 0 152
JTZ 0 0 0 0 0 0 0
LOS 0 0 0 60 155 0 16
LOT 0 0 0 0 0 0 0
LOZ 0 0 0 96 16 0 46
LST 0 0 0 0 0 0 0
LSZ 3 0 0 14 146 0 61
LTZ 0 0 0 0 0 0 0
OST 0 0 0 0 0 0 0
OSZ 0 6 6 0 0 0 0
OTZ 0 0 0 0 0 0 0
STZ 0 0 0 0 0 0 0
null 233 813 809 2623 7162 0 7165
IJLO 0 0 0 0 0 0 0
IJLS 0 0 0 0 16 0 115
IJLT 0 0 0 0 0 0 0
IJLZ 0 0 0 0 113 0 16
IJOS 5 0 0 20 645 0 1285
IJOT 0 0 0 0 0 0 0
IJOZ 4 40 0 303 1187 0 803
IJST 0 0 0 0 0 0 0
IJSZ 312 0 16 1167 2542 0 2652
IJTZ 0 0 0 0 0 0 0
ILOS 4 0 41 303 801 0 1188
ILOT 0 0 0 0 0 0 0
ILOZ 5 0 0 20 1283 0 646
ILST 0 0 0 0 0 0 0
ILSZ 322 18 0 1167 2640 0 2542
ILTZ 0 0 0 0 0 0 0
IOST 0 0 0 0 0 0 0
IOSZ 7312 771 768 8372 8517 0 8517
IOTZ 0 0 0 0 0 0 0
ISTZ 0 0 0 0 0 0 0
JLOS 0 0 40 252 693 0 335
JLOT 0 0 0 0 0 0 0
JLOZ 0 40 0 252 335 0 695
JLST 0 0 0 0 0 0 0
JLSZ 112 16 16 86 1399 0 1399
JLTZ 0 0 0 0 0 0 0
JOST 0 0 0 0 0 0 0
JOSZ 1302 411 298 5137 9536 0 6964
JOTZ 0 0 0 0 0 0 0
JSTZ 0 0 0 0 0 0 0
LOST 0 0 0 0 0 0 0
LOSZ 1302 298 418 5201 6964 0 9502
LOTZ 0 0 0 0 0 0 0
LSTZ 0 0 0 0 0 0 0
OSTZ 0 0 0 32 6 0 6
I 0 0 0 0 0 0 0
J 0 0 0 0 12 0 6
L 0 0 0 0 6 0 12
O 0 0 0 8 33 0 33
S 0 12 6 33 588 0 464
T 0 0 0 0 0 0 0
Z 0 6 12 33 464 0 591
IJLOS 795 102 116 1834 5829 0 7729
IJLOT 0 0 0 0 9 0 8
IJLOZ 793 106 96 1818 7711 0 5825
IJLST 0 0 0 3 0 0 3
IJLSZ 3292 67 67 6462 11015 0 11060
IJLTZ 0 0 0 3 3 0 0
IJOST 0 6 23 0 28 1 189
IJOSZ 5024 8562 7516 8969 22845 0 15149
IJOTZ 0 62 25 0 257 0 104
IJSTZ 0 82 39 50 259 0 63
ILOST 0 20 58 0 104 0 258
ILOSZ 5014 7476 8562 8964 15131 0 22831
ILOTZ 0 29 6 0 188 1 30
ILSTZ 0 39 80 48 62 0 257
IOSTZ 3135 2 0 5087 5441 279 5425
JLOST 0 0 0 24 139 0 228
JLOSZ 7106 495 495 13353 34191 0 34177
JLOTZ 0 0 0 24 139 0 228
JLSTZ 4 0 0 160 131 0 133
JOSTZ 111 388 764 600 2207 0 1008
LOSTZ 114 763 390 600 1008 0 2203
IJ 0 0 0 0 0 0 0
IL 0 0 0 0 0 0 0
IO 0 0 0 0 0 0 0
IS 0 0 0 0 0 0 0
IT 0 0 0 0 0 0 0
IZ 0 0 0 0 0 0 0
JL 0 0 0 0 0 0 0
JO 0 0 0 0 0 0 0
JS 0 0 0 0 0 0 0
JT 0 0 0 0 0 0 0
JZ 0 0 0 0 0 0 0
LO 0 0 0 0 0 0 0
LS 0 0 0 0 0 0 0
LT 0 0 0 0 0 0 0
LZ 0 0 0 0 0 0 0
OS 0 0 0 0 0 0 0
OT 0 0 0 0 0 0 0
OZ 0 0 0 0 0 0 0
ST 0 0 0 0 0 0 0
SZ 0 0 0 0 0 0 0
TZ 0 0 0 0 0 0 0
IJLOST 24 68 82 109 668 0 1238
IJLOSZ 10844 10290 10234 20373 48757 0 48695
IJLOTZ 23 82 71 108 1225 0 674
IJLSTZ 24 130 130 1118 1016 0 1015
IJOSTZ 2006 2280 2030 4247 12720 0 8179
ILOSTZ 2007 2039 2218 4250 8162 0 12775
JLOSTZ 1192 1464 1464 3688 4705 0 4703
